{
 "cells": [
  {
   "cell_type": "markdown",
   "metadata": {},
   "source": [
    "# PEARSON CORRELATION COEFFICIENT BASED FEATURE SELECTION ALGORITHM"
   ]
  },
  {
   "cell_type": "code",
   "execution_count": 2,
   "metadata": {},
   "outputs": [],
   "source": [
    "from sklearn.datasets import load_wine\n",
    "import pandas as pd\n",
    "import numpy as np\n",
    "import matplotlib.pyplot as plt\n",
    "%matplotlib inline"
   ]
  },
  {
   "cell_type": "code",
   "execution_count": 3,
   "metadata": {},
   "outputs": [
    {
     "data": {
      "text/plain": [
       "['alcohol',\n",
       " 'malic_acid',\n",
       " 'ash',\n",
       " 'alcalinity_of_ash',\n",
       " 'magnesium',\n",
       " 'total_phenols',\n",
       " 'flavanoids',\n",
       " 'nonflavanoid_phenols',\n",
       " 'proanthocyanins',\n",
       " 'color_intensity',\n",
       " 'hue',\n",
       " 'od280/od315_of_diluted_wines',\n",
       " 'proline']"
      ]
     },
     "execution_count": 3,
     "metadata": {},
     "output_type": "execute_result"
    }
   ],
   "source": [
    "data = load_wine()\n",
    "df = pd.DataFrame(data.data, columns = data.feature_names)\n",
    "df[\"DEP_F\"] = data.target\n",
    "features = []\n",
    "features = data.feature_names\n",
    "features"
   ]
  },
  {
   "cell_type": "code",
   "execution_count": 4,
   "metadata": {},
   "outputs": [],
   "source": [
    "col = dict()\n"
   ]
  },
  {
   "cell_type": "code",
   "execution_count": 5,
   "metadata": {},
   "outputs": [
    {
     "data": {
      "text/html": [
       "<div>\n",
       "<style scoped>\n",
       "    .dataframe tbody tr th:only-of-type {\n",
       "        vertical-align: middle;\n",
       "    }\n",
       "\n",
       "    .dataframe tbody tr th {\n",
       "        vertical-align: top;\n",
       "    }\n",
       "\n",
       "    .dataframe thead th {\n",
       "        text-align: right;\n",
       "    }\n",
       "</style>\n",
       "<table border=\"1\" class=\"dataframe\">\n",
       "  <thead>\n",
       "    <tr style=\"text-align: right;\">\n",
       "      <th></th>\n",
       "      <th>alcohol</th>\n",
       "      <th>malic_acid</th>\n",
       "      <th>ash</th>\n",
       "      <th>alcalinity_of_ash</th>\n",
       "      <th>magnesium</th>\n",
       "      <th>total_phenols</th>\n",
       "      <th>flavanoids</th>\n",
       "      <th>nonflavanoid_phenols</th>\n",
       "      <th>proanthocyanins</th>\n",
       "      <th>color_intensity</th>\n",
       "      <th>hue</th>\n",
       "      <th>od280/od315_of_diluted_wines</th>\n",
       "      <th>proline</th>\n",
       "      <th>DEP_F</th>\n",
       "    </tr>\n",
       "  </thead>\n",
       "  <tbody>\n",
       "    <tr>\n",
       "      <th>0</th>\n",
       "      <td>14.23</td>\n",
       "      <td>1.71</td>\n",
       "      <td>2.43</td>\n",
       "      <td>15.6</td>\n",
       "      <td>127.0</td>\n",
       "      <td>2.80</td>\n",
       "      <td>3.06</td>\n",
       "      <td>0.28</td>\n",
       "      <td>2.29</td>\n",
       "      <td>5.64</td>\n",
       "      <td>1.04</td>\n",
       "      <td>3.92</td>\n",
       "      <td>1065.0</td>\n",
       "      <td>0</td>\n",
       "    </tr>\n",
       "    <tr>\n",
       "      <th>1</th>\n",
       "      <td>13.20</td>\n",
       "      <td>1.78</td>\n",
       "      <td>2.14</td>\n",
       "      <td>11.2</td>\n",
       "      <td>100.0</td>\n",
       "      <td>2.65</td>\n",
       "      <td>2.76</td>\n",
       "      <td>0.26</td>\n",
       "      <td>1.28</td>\n",
       "      <td>4.38</td>\n",
       "      <td>1.05</td>\n",
       "      <td>3.40</td>\n",
       "      <td>1050.0</td>\n",
       "      <td>0</td>\n",
       "    </tr>\n",
       "    <tr>\n",
       "      <th>2</th>\n",
       "      <td>13.16</td>\n",
       "      <td>2.36</td>\n",
       "      <td>2.67</td>\n",
       "      <td>18.6</td>\n",
       "      <td>101.0</td>\n",
       "      <td>2.80</td>\n",
       "      <td>3.24</td>\n",
       "      <td>0.30</td>\n",
       "      <td>2.81</td>\n",
       "      <td>5.68</td>\n",
       "      <td>1.03</td>\n",
       "      <td>3.17</td>\n",
       "      <td>1185.0</td>\n",
       "      <td>0</td>\n",
       "    </tr>\n",
       "    <tr>\n",
       "      <th>3</th>\n",
       "      <td>14.37</td>\n",
       "      <td>1.95</td>\n",
       "      <td>2.50</td>\n",
       "      <td>16.8</td>\n",
       "      <td>113.0</td>\n",
       "      <td>3.85</td>\n",
       "      <td>3.49</td>\n",
       "      <td>0.24</td>\n",
       "      <td>2.18</td>\n",
       "      <td>7.80</td>\n",
       "      <td>0.86</td>\n",
       "      <td>3.45</td>\n",
       "      <td>1480.0</td>\n",
       "      <td>0</td>\n",
       "    </tr>\n",
       "    <tr>\n",
       "      <th>4</th>\n",
       "      <td>13.24</td>\n",
       "      <td>2.59</td>\n",
       "      <td>2.87</td>\n",
       "      <td>21.0</td>\n",
       "      <td>118.0</td>\n",
       "      <td>2.80</td>\n",
       "      <td>2.69</td>\n",
       "      <td>0.39</td>\n",
       "      <td>1.82</td>\n",
       "      <td>4.32</td>\n",
       "      <td>1.04</td>\n",
       "      <td>2.93</td>\n",
       "      <td>735.0</td>\n",
       "      <td>0</td>\n",
       "    </tr>\n",
       "  </tbody>\n",
       "</table>\n",
       "</div>"
      ],
      "text/plain": [
       "   alcohol  malic_acid   ash  alcalinity_of_ash  magnesium  total_phenols  \\\n",
       "0    14.23        1.71  2.43               15.6      127.0           2.80   \n",
       "1    13.20        1.78  2.14               11.2      100.0           2.65   \n",
       "2    13.16        2.36  2.67               18.6      101.0           2.80   \n",
       "3    14.37        1.95  2.50               16.8      113.0           3.85   \n",
       "4    13.24        2.59  2.87               21.0      118.0           2.80   \n",
       "\n",
       "   flavanoids  nonflavanoid_phenols  proanthocyanins  color_intensity   hue  \\\n",
       "0        3.06                  0.28             2.29             5.64  1.04   \n",
       "1        2.76                  0.26             1.28             4.38  1.05   \n",
       "2        3.24                  0.30             2.81             5.68  1.03   \n",
       "3        3.49                  0.24             2.18             7.80  0.86   \n",
       "4        2.69                  0.39             1.82             4.32  1.04   \n",
       "\n",
       "   od280/od315_of_diluted_wines  proline  DEP_F  \n",
       "0                          3.92   1065.0      0  \n",
       "1                          3.40   1050.0      0  \n",
       "2                          3.17   1185.0      0  \n",
       "3                          3.45   1480.0      0  \n",
       "4                          2.93    735.0      0  "
      ]
     },
     "execution_count": 5,
     "metadata": {},
     "output_type": "execute_result"
    }
   ],
   "source": [
    "df.head()"
   ]
  },
  {
   "cell_type": "code",
   "execution_count": 6,
   "metadata": {},
   "outputs": [
    {
     "data": {
      "text/plain": [
       "array([[0.1916996 , 0.57219251, 0.25773196, ..., 0.97069597, 0.56134094,\n",
       "        0.        ],\n",
       "       [0.2055336 , 0.4171123 , 0.03092784, ..., 0.78021978, 0.55064194,\n",
       "        0.        ],\n",
       "       [0.3201581 , 0.70053476, 0.41237113, ..., 0.6959707 , 0.64693295,\n",
       "        0.        ],\n",
       "       ...,\n",
       "       [0.69960474, 0.48128342, 0.48453608, ..., 0.10622711, 0.39728959,\n",
       "        1.        ],\n",
       "       [0.36561265, 0.54010695, 0.48453608, ..., 0.12820513, 0.40085592,\n",
       "        1.        ],\n",
       "       [0.66403162, 0.73796791, 0.71649485, ..., 0.12087912, 0.20114123,\n",
       "        1.        ]])"
      ]
     },
     "execution_count": 6,
     "metadata": {},
     "output_type": "execute_result"
    }
   ],
   "source": [
    "from sklearn import preprocessing\n",
    "\n",
    "arr = df.to_numpy()\n",
    "min_max_scaler= preprocessing.MinMaxScaler()\n",
    "scaled_arr = min_max_scaler.fit_transform(arr)\n",
    "data_norm = pd.DataFrame(scaled_arr)\n",
    "data_norm.drop(data_norm.columns[0], inplace = True, axis = 1)\n",
    "wine = data_norm.to_numpy()\n",
    "wine"
   ]
  },
  {
   "cell_type": "code",
   "execution_count": 7,
   "metadata": {},
   "outputs": [
    {
     "data": {
      "text/plain": [
       "(178, 13)"
      ]
     },
     "execution_count": 7,
     "metadata": {},
     "output_type": "execute_result"
    }
   ],
   "source": [
    "wine.shape"
   ]
  },
  {
   "cell_type": "code",
   "execution_count": 8,
   "metadata": {},
   "outputs": [
    {
     "data": {
      "text/html": [
       "<div>\n",
       "<style scoped>\n",
       "    .dataframe tbody tr th:only-of-type {\n",
       "        vertical-align: middle;\n",
       "    }\n",
       "\n",
       "    .dataframe tbody tr th {\n",
       "        vertical-align: top;\n",
       "    }\n",
       "\n",
       "    .dataframe thead th {\n",
       "        text-align: right;\n",
       "    }\n",
       "</style>\n",
       "<table border=\"1\" class=\"dataframe\">\n",
       "  <thead>\n",
       "    <tr style=\"text-align: right;\">\n",
       "      <th></th>\n",
       "      <th>1</th>\n",
       "      <th>2</th>\n",
       "      <th>3</th>\n",
       "      <th>4</th>\n",
       "      <th>5</th>\n",
       "      <th>6</th>\n",
       "      <th>7</th>\n",
       "      <th>8</th>\n",
       "      <th>9</th>\n",
       "      <th>10</th>\n",
       "      <th>11</th>\n",
       "      <th>12</th>\n",
       "      <th>13</th>\n",
       "    </tr>\n",
       "  </thead>\n",
       "  <tbody>\n",
       "    <tr>\n",
       "      <th>1</th>\n",
       "      <td>1.000000</td>\n",
       "      <td>0.164045</td>\n",
       "      <td>0.288500</td>\n",
       "      <td>-0.054575</td>\n",
       "      <td>-0.335167</td>\n",
       "      <td>-0.411007</td>\n",
       "      <td>0.292977</td>\n",
       "      <td>-0.220746</td>\n",
       "      <td>0.248985</td>\n",
       "      <td>-0.561296</td>\n",
       "      <td>-0.368710</td>\n",
       "      <td>-0.192011</td>\n",
       "      <td>0.437776</td>\n",
       "    </tr>\n",
       "    <tr>\n",
       "      <th>2</th>\n",
       "      <td>0.164045</td>\n",
       "      <td>1.000000</td>\n",
       "      <td>0.443367</td>\n",
       "      <td>0.286587</td>\n",
       "      <td>0.128980</td>\n",
       "      <td>0.115077</td>\n",
       "      <td>0.186230</td>\n",
       "      <td>0.009652</td>\n",
       "      <td>0.258887</td>\n",
       "      <td>-0.074667</td>\n",
       "      <td>0.003911</td>\n",
       "      <td>0.223626</td>\n",
       "      <td>-0.049643</td>\n",
       "    </tr>\n",
       "    <tr>\n",
       "      <th>3</th>\n",
       "      <td>0.288500</td>\n",
       "      <td>0.443367</td>\n",
       "      <td>1.000000</td>\n",
       "      <td>-0.083333</td>\n",
       "      <td>-0.321113</td>\n",
       "      <td>-0.351370</td>\n",
       "      <td>0.361922</td>\n",
       "      <td>-0.197327</td>\n",
       "      <td>0.018732</td>\n",
       "      <td>-0.273955</td>\n",
       "      <td>-0.276769</td>\n",
       "      <td>-0.440597</td>\n",
       "      <td>0.517859</td>\n",
       "    </tr>\n",
       "    <tr>\n",
       "      <th>4</th>\n",
       "      <td>-0.054575</td>\n",
       "      <td>0.286587</td>\n",
       "      <td>-0.083333</td>\n",
       "      <td>1.000000</td>\n",
       "      <td>0.214401</td>\n",
       "      <td>0.195784</td>\n",
       "      <td>-0.256294</td>\n",
       "      <td>0.236441</td>\n",
       "      <td>0.199950</td>\n",
       "      <td>0.055398</td>\n",
       "      <td>0.066004</td>\n",
       "      <td>0.393351</td>\n",
       "      <td>-0.209179</td>\n",
       "    </tr>\n",
       "    <tr>\n",
       "      <th>5</th>\n",
       "      <td>-0.335167</td>\n",
       "      <td>0.128980</td>\n",
       "      <td>-0.321113</td>\n",
       "      <td>0.214401</td>\n",
       "      <td>1.000000</td>\n",
       "      <td>0.864564</td>\n",
       "      <td>-0.449935</td>\n",
       "      <td>0.612413</td>\n",
       "      <td>-0.055136</td>\n",
       "      <td>0.433681</td>\n",
       "      <td>0.699949</td>\n",
       "      <td>0.498115</td>\n",
       "      <td>-0.719163</td>\n",
       "    </tr>\n",
       "    <tr>\n",
       "      <th>6</th>\n",
       "      <td>-0.411007</td>\n",
       "      <td>0.115077</td>\n",
       "      <td>-0.351370</td>\n",
       "      <td>0.195784</td>\n",
       "      <td>0.864564</td>\n",
       "      <td>1.000000</td>\n",
       "      <td>-0.537900</td>\n",
       "      <td>0.652692</td>\n",
       "      <td>-0.172379</td>\n",
       "      <td>0.543479</td>\n",
       "      <td>0.787194</td>\n",
       "      <td>0.494193</td>\n",
       "      <td>-0.847498</td>\n",
       "    </tr>\n",
       "    <tr>\n",
       "      <th>7</th>\n",
       "      <td>0.292977</td>\n",
       "      <td>0.186230</td>\n",
       "      <td>0.361922</td>\n",
       "      <td>-0.256294</td>\n",
       "      <td>-0.449935</td>\n",
       "      <td>-0.537900</td>\n",
       "      <td>1.000000</td>\n",
       "      <td>-0.365845</td>\n",
       "      <td>0.139057</td>\n",
       "      <td>-0.262640</td>\n",
       "      <td>-0.503270</td>\n",
       "      <td>-0.311385</td>\n",
       "      <td>0.489109</td>\n",
       "    </tr>\n",
       "    <tr>\n",
       "      <th>8</th>\n",
       "      <td>-0.220746</td>\n",
       "      <td>0.009652</td>\n",
       "      <td>-0.197327</td>\n",
       "      <td>0.236441</td>\n",
       "      <td>0.612413</td>\n",
       "      <td>0.652692</td>\n",
       "      <td>-0.365845</td>\n",
       "      <td>1.000000</td>\n",
       "      <td>-0.025250</td>\n",
       "      <td>0.295544</td>\n",
       "      <td>0.519067</td>\n",
       "      <td>0.330417</td>\n",
       "      <td>-0.499130</td>\n",
       "    </tr>\n",
       "    <tr>\n",
       "      <th>9</th>\n",
       "      <td>0.248985</td>\n",
       "      <td>0.258887</td>\n",
       "      <td>0.018732</td>\n",
       "      <td>0.199950</td>\n",
       "      <td>-0.055136</td>\n",
       "      <td>-0.172379</td>\n",
       "      <td>0.139057</td>\n",
       "      <td>-0.025250</td>\n",
       "      <td>1.000000</td>\n",
       "      <td>-0.521813</td>\n",
       "      <td>-0.428815</td>\n",
       "      <td>0.316100</td>\n",
       "      <td>0.265668</td>\n",
       "    </tr>\n",
       "    <tr>\n",
       "      <th>10</th>\n",
       "      <td>-0.561296</td>\n",
       "      <td>-0.074667</td>\n",
       "      <td>-0.273955</td>\n",
       "      <td>0.055398</td>\n",
       "      <td>0.433681</td>\n",
       "      <td>0.543479</td>\n",
       "      <td>-0.262640</td>\n",
       "      <td>0.295544</td>\n",
       "      <td>-0.521813</td>\n",
       "      <td>1.000000</td>\n",
       "      <td>0.565468</td>\n",
       "      <td>0.236183</td>\n",
       "      <td>-0.617369</td>\n",
       "    </tr>\n",
       "    <tr>\n",
       "      <th>11</th>\n",
       "      <td>-0.368710</td>\n",
       "      <td>0.003911</td>\n",
       "      <td>-0.276769</td>\n",
       "      <td>0.066004</td>\n",
       "      <td>0.699949</td>\n",
       "      <td>0.787194</td>\n",
       "      <td>-0.503270</td>\n",
       "      <td>0.519067</td>\n",
       "      <td>-0.428815</td>\n",
       "      <td>0.565468</td>\n",
       "      <td>1.000000</td>\n",
       "      <td>0.312761</td>\n",
       "      <td>-0.788230</td>\n",
       "    </tr>\n",
       "    <tr>\n",
       "      <th>12</th>\n",
       "      <td>-0.192011</td>\n",
       "      <td>0.223626</td>\n",
       "      <td>-0.440597</td>\n",
       "      <td>0.393351</td>\n",
       "      <td>0.498115</td>\n",
       "      <td>0.494193</td>\n",
       "      <td>-0.311385</td>\n",
       "      <td>0.330417</td>\n",
       "      <td>0.316100</td>\n",
       "      <td>0.236183</td>\n",
       "      <td>0.312761</td>\n",
       "      <td>1.000000</td>\n",
       "      <td>-0.633717</td>\n",
       "    </tr>\n",
       "    <tr>\n",
       "      <th>13</th>\n",
       "      <td>0.437776</td>\n",
       "      <td>-0.049643</td>\n",
       "      <td>0.517859</td>\n",
       "      <td>-0.209179</td>\n",
       "      <td>-0.719163</td>\n",
       "      <td>-0.847498</td>\n",
       "      <td>0.489109</td>\n",
       "      <td>-0.499130</td>\n",
       "      <td>0.265668</td>\n",
       "      <td>-0.617369</td>\n",
       "      <td>-0.788230</td>\n",
       "      <td>-0.633717</td>\n",
       "      <td>1.000000</td>\n",
       "    </tr>\n",
       "  </tbody>\n",
       "</table>\n",
       "</div>"
      ],
      "text/plain": [
       "          1         2         3         4         5         6         7   \\\n",
       "1   1.000000  0.164045  0.288500 -0.054575 -0.335167 -0.411007  0.292977   \n",
       "2   0.164045  1.000000  0.443367  0.286587  0.128980  0.115077  0.186230   \n",
       "3   0.288500  0.443367  1.000000 -0.083333 -0.321113 -0.351370  0.361922   \n",
       "4  -0.054575  0.286587 -0.083333  1.000000  0.214401  0.195784 -0.256294   \n",
       "5  -0.335167  0.128980 -0.321113  0.214401  1.000000  0.864564 -0.449935   \n",
       "6  -0.411007  0.115077 -0.351370  0.195784  0.864564  1.000000 -0.537900   \n",
       "7   0.292977  0.186230  0.361922 -0.256294 -0.449935 -0.537900  1.000000   \n",
       "8  -0.220746  0.009652 -0.197327  0.236441  0.612413  0.652692 -0.365845   \n",
       "9   0.248985  0.258887  0.018732  0.199950 -0.055136 -0.172379  0.139057   \n",
       "10 -0.561296 -0.074667 -0.273955  0.055398  0.433681  0.543479 -0.262640   \n",
       "11 -0.368710  0.003911 -0.276769  0.066004  0.699949  0.787194 -0.503270   \n",
       "12 -0.192011  0.223626 -0.440597  0.393351  0.498115  0.494193 -0.311385   \n",
       "13  0.437776 -0.049643  0.517859 -0.209179 -0.719163 -0.847498  0.489109   \n",
       "\n",
       "          8         9         10        11        12        13  \n",
       "1  -0.220746  0.248985 -0.561296 -0.368710 -0.192011  0.437776  \n",
       "2   0.009652  0.258887 -0.074667  0.003911  0.223626 -0.049643  \n",
       "3  -0.197327  0.018732 -0.273955 -0.276769 -0.440597  0.517859  \n",
       "4   0.236441  0.199950  0.055398  0.066004  0.393351 -0.209179  \n",
       "5   0.612413 -0.055136  0.433681  0.699949  0.498115 -0.719163  \n",
       "6   0.652692 -0.172379  0.543479  0.787194  0.494193 -0.847498  \n",
       "7  -0.365845  0.139057 -0.262640 -0.503270 -0.311385  0.489109  \n",
       "8   1.000000 -0.025250  0.295544  0.519067  0.330417 -0.499130  \n",
       "9  -0.025250  1.000000 -0.521813 -0.428815  0.316100  0.265668  \n",
       "10  0.295544 -0.521813  1.000000  0.565468  0.236183 -0.617369  \n",
       "11  0.519067 -0.428815  0.565468  1.000000  0.312761 -0.788230  \n",
       "12  0.330417  0.316100  0.236183  0.312761  1.000000 -0.633717  \n",
       "13 -0.499130  0.265668 -0.617369 -0.788230 -0.633717  1.000000  "
      ]
     },
     "execution_count": 8,
     "metadata": {},
     "output_type": "execute_result"
    }
   ],
   "source": [
    "graph = data_norm.corr()\n",
    "graph"
   ]
  },
  {
   "cell_type": "code",
   "execution_count": 9,
   "metadata": {},
   "outputs": [
    {
     "data": {
      "text/plain": [
       "array([[ 0.        ,  0.16404547,  0.2885004 , -0.0545751 , -0.335167  ,\n",
       "        -0.41100659,  0.29297713, -0.22074619,  0.24898534, -0.56129569,\n",
       "        -0.36871043, -0.19201056,  0.4377762 ],\n",
       "       [ 0.16404547,  0.        ,  0.44336719,  0.28658669,  0.12897954,\n",
       "         0.11507728,  0.18623045,  0.00965194,  0.25888726, -0.07466689,\n",
       "         0.00391123,  0.22362626, -0.04964322],\n",
       "       [ 0.2885004 ,  0.44336719,  0.        , -0.08333309, -0.32111332,\n",
       "        -0.35136986,  0.36192172, -0.19732684,  0.01873198, -0.27395522,\n",
       "        -0.27676855, -0.44059693,  0.51785911],\n",
       "       [-0.0545751 ,  0.28658669, -0.08333309,  0.        ,  0.21440123,\n",
       "         0.19578377, -0.25629405,  0.23644061,  0.19995001,  0.0553982 ,\n",
       "         0.06600394,  0.39335085, -0.20917939],\n",
       "       [-0.335167  ,  0.12897954, -0.32111332,  0.21440123,  0.        ,\n",
       "         0.8645635 , -0.4499353 ,  0.61241308, -0.05513642,  0.43368134,\n",
       "         0.69994936,  0.49811488, -0.71916334],\n",
       "       [-0.41100659,  0.11507728, -0.35136986,  0.19578377,  0.8645635 ,\n",
       "         0.        , -0.53789961,  0.65269177, -0.1723794 ,  0.54347857,\n",
       "         0.7871939 ,  0.49419313, -0.84749754],\n",
       "       [ 0.29297713,  0.18623045,  0.36192172, -0.25629405, -0.4499353 ,\n",
       "        -0.53789961,  0.        , -0.3658451 ,  0.13905701, -0.26263963,\n",
       "        -0.5032696 , -0.31138519,  0.48910916],\n",
       "       [-0.22074619,  0.00965194, -0.19732684,  0.23644061,  0.61241308,\n",
       "         0.65269177, -0.3658451 ,  0.        , -0.02524993,  0.29554425,\n",
       "         0.5190671 ,  0.3304167 , -0.49912982],\n",
       "       [ 0.24898534,  0.25888726,  0.01873198,  0.19995001, -0.05513642,\n",
       "        -0.1723794 ,  0.13905701, -0.02524993,  0.        , -0.52181319,\n",
       "        -0.42881494,  0.31610011,  0.26566757],\n",
       "       [-0.56129569, -0.07466689, -0.27395522,  0.0553982 ,  0.43368134,\n",
       "         0.54347857, -0.26263963,  0.29554425, -0.52181319,  0.        ,\n",
       "         0.56546829,  0.23618345, -0.61736921],\n",
       "       [-0.36871043,  0.00391123, -0.27676855,  0.06600394,  0.69994936,\n",
       "         0.7871939 , -0.5032696 ,  0.5190671 , -0.42881494,  0.56546829,\n",
       "         0.        ,  0.31276108, -0.78822959],\n",
       "       [-0.19201056,  0.22362626, -0.44059693,  0.39335085,  0.49811488,\n",
       "         0.49419313, -0.31138519,  0.3304167 ,  0.31610011,  0.23618345,\n",
       "         0.31276108,  0.        , -0.63371678],\n",
       "       [ 0.4377762 , -0.04964322,  0.51785911, -0.20917939, -0.71916334,\n",
       "        -0.84749754,  0.48910916, -0.49912982,  0.26566757, -0.61736921,\n",
       "        -0.78822959, -0.63371678,  0.        ]])"
      ]
     },
     "execution_count": 9,
     "metadata": {},
     "output_type": "execute_result"
    }
   ],
   "source": [
    "graph = graph.to_numpy()\n",
    "for i in range(len(graph)):\n",
    "    graph[i][i] = 0\n",
    "graph"
   ]
  },
  {
   "cell_type": "code",
   "execution_count": 10,
   "metadata": {},
   "outputs": [
    {
     "name": "stdout",
     "output_type": "stream",
     "text": [
      "0.02547262230625494\n"
     ]
    }
   ],
   "source": [
    "s = np.sum(graph)\n",
    "threshold = s / ((graph.shape[0] ** 2) - 13)\n",
    "print(threshold)"
   ]
  },
  {
   "cell_type": "code",
   "execution_count": 11,
   "metadata": {},
   "outputs": [
    {
     "data": {
      "text/plain": [
       "array([[0.        , 0.16404547, 0.2885004 , 0.        , 0.        ,\n",
       "        0.        , 0.29297713, 0.        , 0.24898534, 0.        ,\n",
       "        0.        , 0.        , 0.4377762 ],\n",
       "       [0.16404547, 0.        , 0.44336719, 0.28658669, 0.12897954,\n",
       "        0.11507728, 0.18623045, 0.        , 0.25888726, 0.        ,\n",
       "        0.        , 0.22362626, 0.        ],\n",
       "       [0.2885004 , 0.44336719, 0.        , 0.        , 0.        ,\n",
       "        0.        , 0.36192172, 0.        , 0.        , 0.        ,\n",
       "        0.        , 0.        , 0.51785911],\n",
       "       [0.        , 0.28658669, 0.        , 0.        , 0.21440123,\n",
       "        0.19578377, 0.        , 0.23644061, 0.19995001, 0.0553982 ,\n",
       "        0.06600394, 0.39335085, 0.        ],\n",
       "       [0.        , 0.12897954, 0.        , 0.21440123, 0.        ,\n",
       "        0.8645635 , 0.        , 0.61241308, 0.        , 0.43368134,\n",
       "        0.69994936, 0.49811488, 0.        ],\n",
       "       [0.        , 0.11507728, 0.        , 0.19578377, 0.8645635 ,\n",
       "        0.        , 0.        , 0.65269177, 0.        , 0.54347857,\n",
       "        0.7871939 , 0.49419313, 0.        ],\n",
       "       [0.29297713, 0.18623045, 0.36192172, 0.        , 0.        ,\n",
       "        0.        , 0.        , 0.        , 0.13905701, 0.        ,\n",
       "        0.        , 0.        , 0.48910916],\n",
       "       [0.        , 0.        , 0.        , 0.23644061, 0.61241308,\n",
       "        0.65269177, 0.        , 0.        , 0.        , 0.29554425,\n",
       "        0.5190671 , 0.3304167 , 0.        ],\n",
       "       [0.24898534, 0.25888726, 0.        , 0.19995001, 0.        ,\n",
       "        0.        , 0.13905701, 0.        , 0.        , 0.        ,\n",
       "        0.        , 0.31610011, 0.26566757],\n",
       "       [0.        , 0.        , 0.        , 0.0553982 , 0.43368134,\n",
       "        0.54347857, 0.        , 0.29554425, 0.        , 0.        ,\n",
       "        0.56546829, 0.23618345, 0.        ],\n",
       "       [0.        , 0.        , 0.        , 0.06600394, 0.69994936,\n",
       "        0.7871939 , 0.        , 0.5190671 , 0.        , 0.56546829,\n",
       "        0.        , 0.31276108, 0.        ],\n",
       "       [0.        , 0.22362626, 0.        , 0.39335085, 0.49811488,\n",
       "        0.49419313, 0.        , 0.3304167 , 0.31610011, 0.23618345,\n",
       "        0.31276108, 0.        , 0.        ],\n",
       "       [0.4377762 , 0.        , 0.51785911, 0.        , 0.        ,\n",
       "        0.        , 0.48910916, 0.        , 0.26566757, 0.        ,\n",
       "        0.        , 0.        , 0.        ]])"
      ]
     },
     "execution_count": 11,
     "metadata": {},
     "output_type": "execute_result"
    }
   ],
   "source": [
    "for i in range(len(graph)):\n",
    "    for j in range(len(graph[0])):\n",
    "        if graph[i][j] < threshold :\n",
    "            graph[i][j] = 0\n",
    "graph"
   ]
  },
  {
   "cell_type": "code",
   "execution_count": 12,
   "metadata": {},
   "outputs": [],
   "source": [
    "def findNodeImportance(graph):\n",
    "    imp = []\n",
    "    imp = graph.sum(axis=0)\n",
    "    return imp\n",
    "    "
   ]
  },
  {
   "cell_type": "code",
   "execution_count": 13,
   "metadata": {},
   "outputs": [],
   "source": [
    "def selectNode(imp):\n",
    "    node = np.argmax(imp)\n",
    "    print(\"Node removed from graph : \", node)\n",
    "    return node"
   ]
  },
  {
   "cell_type": "code",
   "execution_count": 14,
   "metadata": {},
   "outputs": [],
   "source": [
    "def delete_corresponding_edges(node, graph):\n",
    "    for i in range(len(graph)):\n",
    "        graph[node][i] = 0\n",
    "        graph[i][node] = 0\n",
    "    return graph"
   ]
  },
  {
   "cell_type": "code",
   "execution_count": 15,
   "metadata": {},
   "outputs": [
    {
     "name": "stdout",
     "output_type": "stream",
     "text": [
      "Node removed from graph :  5\n",
      "Node removed from graph :  4\n",
      "Node removed from graph :  11\n",
      "Node removed from graph :  12\n",
      "Node removed from graph :  1\n",
      "Node removed from graph :  10\n",
      "Node removed from graph :  0\n",
      "Node removed from graph :  7\n",
      "Node removed from graph :  6\n",
      "Node removed from graph :  3\n"
     ]
    }
   ],
   "source": [
    "nodes = []\n",
    "while np.sum(graph) != 0:\n",
    "    important = findNodeImportance(graph)\n",
    "    node = selectNode(important)\n",
    "    nodes.append(node)\n",
    "    graph = delete_corresponding_edges(node, graph)"
   ]
  },
  {
   "cell_type": "code",
   "execution_count": 16,
   "metadata": {},
   "outputs": [
    {
     "data": {
      "text/plain": [
       "[5, 4, 11, 12, 1, 10, 0, 7, 6, 3]"
      ]
     },
     "execution_count": 16,
     "metadata": {},
     "output_type": "execute_result"
    }
   ],
   "source": [
    "nodes"
   ]
  },
  {
   "cell_type": "code",
   "execution_count": 17,
   "metadata": {},
   "outputs": [
    {
     "data": {
      "text/plain": [
       "[0, 1, 3, 4, 5, 6, 7, 10, 11, 12]"
      ]
     },
     "execution_count": 17,
     "metadata": {},
     "output_type": "execute_result"
    }
   ],
   "source": [
    "nodes.sort()\n",
    "nodes"
   ]
  },
  {
   "cell_type": "code",
   "execution_count": 23,
   "metadata": {},
   "outputs": [
    {
     "data": {
      "text/plain": [
       "0      14.23\n",
       "1      13.20\n",
       "2      13.16\n",
       "3      14.37\n",
       "4      13.24\n",
       "       ...  \n",
       "173    13.71\n",
       "174    13.40\n",
       "175    13.27\n",
       "176    13.17\n",
       "177    14.13\n",
       "Name: alcohol, Length: 178, dtype: float64"
      ]
     },
     "execution_count": 23,
     "metadata": {},
     "output_type": "execute_result"
    }
   ],
   "source": [
    "df[features[0]]"
   ]
  },
  {
   "cell_type": "code",
   "execution_count": 30,
   "metadata": {},
   "outputs": [
    {
     "data": {
      "text/plain": [
       "[0, 1, 3, 4, 5, 6, 7, 10, 11, 12]"
      ]
     },
     "execution_count": 30,
     "metadata": {},
     "output_type": "execute_result"
    }
   ],
   "source": [
    "nodes"
   ]
  },
  {
   "cell_type": "code",
   "execution_count": 32,
   "metadata": {},
   "outputs": [
    {
     "data": {
      "text/html": [
       "<div>\n",
       "<style scoped>\n",
       "    .dataframe tbody tr th:only-of-type {\n",
       "        vertical-align: middle;\n",
       "    }\n",
       "\n",
       "    .dataframe tbody tr th {\n",
       "        vertical-align: top;\n",
       "    }\n",
       "\n",
       "    .dataframe thead th {\n",
       "        text-align: right;\n",
       "    }\n",
       "</style>\n",
       "<table border=\"1\" class=\"dataframe\">\n",
       "  <thead>\n",
       "    <tr style=\"text-align: right;\">\n",
       "      <th></th>\n",
       "      <th>alcohol</th>\n",
       "      <th>malic_acid</th>\n",
       "      <th>alcalinity_of_ash</th>\n",
       "      <th>magnesium</th>\n",
       "      <th>total_phenols</th>\n",
       "      <th>flavanoids</th>\n",
       "      <th>nonflavanoid_phenols</th>\n",
       "      <th>hue</th>\n",
       "      <th>od280/od315_of_diluted_wines</th>\n",
       "      <th>proline</th>\n",
       "      <th>DEP_F</th>\n",
       "    </tr>\n",
       "  </thead>\n",
       "  <tbody>\n",
       "    <tr>\n",
       "      <th>0</th>\n",
       "      <td>14.23</td>\n",
       "      <td>1.71</td>\n",
       "      <td>15.6</td>\n",
       "      <td>127.0</td>\n",
       "      <td>2.80</td>\n",
       "      <td>3.06</td>\n",
       "      <td>0.28</td>\n",
       "      <td>1.04</td>\n",
       "      <td>3.92</td>\n",
       "      <td>1065.0</td>\n",
       "      <td>0</td>\n",
       "    </tr>\n",
       "    <tr>\n",
       "      <th>1</th>\n",
       "      <td>13.20</td>\n",
       "      <td>1.78</td>\n",
       "      <td>11.2</td>\n",
       "      <td>100.0</td>\n",
       "      <td>2.65</td>\n",
       "      <td>2.76</td>\n",
       "      <td>0.26</td>\n",
       "      <td>1.05</td>\n",
       "      <td>3.40</td>\n",
       "      <td>1050.0</td>\n",
       "      <td>0</td>\n",
       "    </tr>\n",
       "    <tr>\n",
       "      <th>2</th>\n",
       "      <td>13.16</td>\n",
       "      <td>2.36</td>\n",
       "      <td>18.6</td>\n",
       "      <td>101.0</td>\n",
       "      <td>2.80</td>\n",
       "      <td>3.24</td>\n",
       "      <td>0.30</td>\n",
       "      <td>1.03</td>\n",
       "      <td>3.17</td>\n",
       "      <td>1185.0</td>\n",
       "      <td>0</td>\n",
       "    </tr>\n",
       "    <tr>\n",
       "      <th>3</th>\n",
       "      <td>14.37</td>\n",
       "      <td>1.95</td>\n",
       "      <td>16.8</td>\n",
       "      <td>113.0</td>\n",
       "      <td>3.85</td>\n",
       "      <td>3.49</td>\n",
       "      <td>0.24</td>\n",
       "      <td>0.86</td>\n",
       "      <td>3.45</td>\n",
       "      <td>1480.0</td>\n",
       "      <td>0</td>\n",
       "    </tr>\n",
       "    <tr>\n",
       "      <th>4</th>\n",
       "      <td>13.24</td>\n",
       "      <td>2.59</td>\n",
       "      <td>21.0</td>\n",
       "      <td>118.0</td>\n",
       "      <td>2.80</td>\n",
       "      <td>2.69</td>\n",
       "      <td>0.39</td>\n",
       "      <td>1.04</td>\n",
       "      <td>2.93</td>\n",
       "      <td>735.0</td>\n",
       "      <td>0</td>\n",
       "    </tr>\n",
       "    <tr>\n",
       "      <th>...</th>\n",
       "      <td>...</td>\n",
       "      <td>...</td>\n",
       "      <td>...</td>\n",
       "      <td>...</td>\n",
       "      <td>...</td>\n",
       "      <td>...</td>\n",
       "      <td>...</td>\n",
       "      <td>...</td>\n",
       "      <td>...</td>\n",
       "      <td>...</td>\n",
       "      <td>...</td>\n",
       "    </tr>\n",
       "    <tr>\n",
       "      <th>173</th>\n",
       "      <td>13.71</td>\n",
       "      <td>5.65</td>\n",
       "      <td>20.5</td>\n",
       "      <td>95.0</td>\n",
       "      <td>1.68</td>\n",
       "      <td>0.61</td>\n",
       "      <td>0.52</td>\n",
       "      <td>0.64</td>\n",
       "      <td>1.74</td>\n",
       "      <td>740.0</td>\n",
       "      <td>2</td>\n",
       "    </tr>\n",
       "    <tr>\n",
       "      <th>174</th>\n",
       "      <td>13.40</td>\n",
       "      <td>3.91</td>\n",
       "      <td>23.0</td>\n",
       "      <td>102.0</td>\n",
       "      <td>1.80</td>\n",
       "      <td>0.75</td>\n",
       "      <td>0.43</td>\n",
       "      <td>0.70</td>\n",
       "      <td>1.56</td>\n",
       "      <td>750.0</td>\n",
       "      <td>2</td>\n",
       "    </tr>\n",
       "    <tr>\n",
       "      <th>175</th>\n",
       "      <td>13.27</td>\n",
       "      <td>4.28</td>\n",
       "      <td>20.0</td>\n",
       "      <td>120.0</td>\n",
       "      <td>1.59</td>\n",
       "      <td>0.69</td>\n",
       "      <td>0.43</td>\n",
       "      <td>0.59</td>\n",
       "      <td>1.56</td>\n",
       "      <td>835.0</td>\n",
       "      <td>2</td>\n",
       "    </tr>\n",
       "    <tr>\n",
       "      <th>176</th>\n",
       "      <td>13.17</td>\n",
       "      <td>2.59</td>\n",
       "      <td>20.0</td>\n",
       "      <td>120.0</td>\n",
       "      <td>1.65</td>\n",
       "      <td>0.68</td>\n",
       "      <td>0.53</td>\n",
       "      <td>0.60</td>\n",
       "      <td>1.62</td>\n",
       "      <td>840.0</td>\n",
       "      <td>2</td>\n",
       "    </tr>\n",
       "    <tr>\n",
       "      <th>177</th>\n",
       "      <td>14.13</td>\n",
       "      <td>4.10</td>\n",
       "      <td>24.5</td>\n",
       "      <td>96.0</td>\n",
       "      <td>2.05</td>\n",
       "      <td>0.76</td>\n",
       "      <td>0.56</td>\n",
       "      <td>0.61</td>\n",
       "      <td>1.60</td>\n",
       "      <td>560.0</td>\n",
       "      <td>2</td>\n",
       "    </tr>\n",
       "  </tbody>\n",
       "</table>\n",
       "<p>178 rows × 11 columns</p>\n",
       "</div>"
      ],
      "text/plain": [
       "     alcohol  malic_acid  alcalinity_of_ash  magnesium  total_phenols  \\\n",
       "0      14.23        1.71               15.6      127.0           2.80   \n",
       "1      13.20        1.78               11.2      100.0           2.65   \n",
       "2      13.16        2.36               18.6      101.0           2.80   \n",
       "3      14.37        1.95               16.8      113.0           3.85   \n",
       "4      13.24        2.59               21.0      118.0           2.80   \n",
       "..       ...         ...                ...        ...            ...   \n",
       "173    13.71        5.65               20.5       95.0           1.68   \n",
       "174    13.40        3.91               23.0      102.0           1.80   \n",
       "175    13.27        4.28               20.0      120.0           1.59   \n",
       "176    13.17        2.59               20.0      120.0           1.65   \n",
       "177    14.13        4.10               24.5       96.0           2.05   \n",
       "\n",
       "     flavanoids  nonflavanoid_phenols   hue  od280/od315_of_diluted_wines  \\\n",
       "0          3.06                  0.28  1.04                          3.92   \n",
       "1          2.76                  0.26  1.05                          3.40   \n",
       "2          3.24                  0.30  1.03                          3.17   \n",
       "3          3.49                  0.24  0.86                          3.45   \n",
       "4          2.69                  0.39  1.04                          2.93   \n",
       "..          ...                   ...   ...                           ...   \n",
       "173        0.61                  0.52  0.64                          1.74   \n",
       "174        0.75                  0.43  0.70                          1.56   \n",
       "175        0.69                  0.43  0.59                          1.56   \n",
       "176        0.68                  0.53  0.60                          1.62   \n",
       "177        0.76                  0.56  0.61                          1.60   \n",
       "\n",
       "     proline  DEP_F  \n",
       "0     1065.0      0  \n",
       "1     1050.0      0  \n",
       "2     1185.0      0  \n",
       "3     1480.0      0  \n",
       "4      735.0      0  \n",
       "..       ...    ...  \n",
       "173    740.0      2  \n",
       "174    750.0      2  \n",
       "175    835.0      2  \n",
       "176    840.0      2  \n",
       "177    560.0      2  \n",
       "\n",
       "[178 rows x 11 columns]"
      ]
     },
     "execution_count": 32,
     "metadata": {},
     "output_type": "execute_result"
    }
   ],
   "source": [
    "final_data = df\n",
    "for i in range(len(features)):\n",
    "    for j in nodes:\n",
    "        if i == j:\n",
    "            break\n",
    "        elif i < j:\n",
    "            final_data.drop(features[i], inplace = True, axis = 1)\n",
    "            i+=1\n",
    "            break\n",
    "final_data"
   ]
  },
  {
   "cell_type": "code",
   "execution_count": 50,
   "metadata": {},
   "outputs": [],
   "source": [
    "def intersection(lst1, lst2):\n",
    "    return list(set(lst1) & set(lst2))\n",
    "\n",
    "# A = set of attributes\n",
    "def equivalence_class_util(x, A):\n",
    "    val = []\n",
    "    for j in A:\n",
    "        val.append(x[j])\n",
    "    return val\n",
    "\n",
    "\n",
    "# A = set of attributes\n",
    "def equivalence_class(data, A):\n",
    "    eq_class = []\n",
    "    for i, x in enumerate(data.values):\n",
    "        val = equivalence_class_util(x, A)\n",
    "    \n",
    "    found_class = False\n",
    "    for c in eq_class:\n",
    "        if(val == equivalence_class_util(data.values[c[0]], A)):\n",
    "            found_class = True\n",
    "            c.append(i)\n",
    "            break\n",
    "    \n",
    "    if(not found_class):\n",
    "        eq_class.append([i])\n",
    "    return eq_class\n",
    "\n",
    "\n",
    "# P = set of attributes\n",
    "# X = set of objects\n",
    "def len_lower_approximation(data, P, X):\n",
    "    len_lower_P = 0\n",
